1.997e-06	0.001
7.976e-06	0.002
1.7919e-05	0.003
3.1808e-05	0.004
4.9625e-05	0.005
7.1352e-05	0.006
9.6971e-05	0.007
0.00012646	0.008
0.00015981	0.009
0.000197	0.01
0.00023801	0.011
0.00028282	0.012
0.00033141	0.013
0.00038377	0.014
0.00043988	0.015
0.00049971	0.016
0.00056326	0.017
0.0006305	0.018
0.00070142	0.019
0.000776	0.02
0.00085422	0.021
0.00093606	0.022
0.0010215	0.023
0.0011105	0.024
0.0012031	0.025
0.0012993	0.026
0.001399	0.027
0.0015021	0.028
0.0016088	0.029
0.001719	0.03
0.0018326	0.031
0.0019497	0.032
0.0020702	0.033
0.0021941	0.034
0.0023214	0.035
0.002452	0.036
0.002586	0.037
0.0027234	0.038
0.002864	0.039
0.003008	0.04
0.0031552	0.041
0.0033057	0.042
0.0034595	0.043
0.0036164	0.044
0.0037766	0.045
0.00394	0.046
0.0041065	0.047
0.0042762	0.048
0.0044491	0.049
0.004625	0.05
0.004804	0.051
0.0049862	0.052
0.0051714	0.053
0.0053596	0.054
0.0055509	0.055
0.0057452	0.056
0.0059424	0.057
0.0061427	0.058
0.0063459	0.059
0.006552	0.06
0.0067611	0.061
0.006973	0.062
0.0071879	0.063
0.0074056	0.064
0.0076261	0.065
0.0078495	0.066
0.0080757	0.067
0.0083047	0.068
0.0085365	0.069
0.008771	0.07
0.0090083	0.071
0.0092483	0.072
0.0094909	0.073
0.0097363	0.074
0.0099844	0.075
0.010235	0.076
0.010488	0.077
0.010744	0.078
0.011003	0.079
0.011264	0.08
0.011528	0.081
0.011794	0.082
0.012063	0.083
0.012334	0.084
0.012608	0.085
0.012884	0.086
0.013162	0.087
0.013444	0.088
0.013727	0.089
0.014013	0.09
0.014301	0.091
0.014592	0.092
0.014885	0.093
0.01518	0.094
0.015478	0.095
0.015778	0.096
0.01608	0.097
0.016384	0.098
0.016691	0.099
0.017	0.1
0.017311	0.101
0.017624	0.102
0.01794	0.103
0.018257	0.104
0.018577	0.105
0.018899	0.106
0.019223	0.107
0.019549	0.108
0.019877	0.109
0.020207	0.11
0.020539	0.111
0.020873	0.112
0.021209	0.113
0.021547	0.114
0.021887	0.115
0.022229	0.116
0.022573	0.117
0.022919	0.118
0.023267	0.119
0.023616	0.12
0.023967	0.121
0.02432	0.122
0.024675	0.123
0.025032	0.124
0.025391	0.125
0.025751	0.126
0.026113	0.127
0.026477	0.128
0.026842	0.129
0.027209	0.13
0.027578	0.131
0.027948	0.132
0.02832	0.133
0.028694	0.134
0.029069	0.135
0.029446	0.136
0.029824	0.137
0.030204	0.138
0.030585	0.139
0.030968	0.14
0.031352	0.141
0.031738	0.142
0.032125	0.143
0.032514	0.144
0.032904	0.145
0.033296	0.146
0.033688	0.147
0.034083	0.148
0.034478	0.149
0.034875	0.15
0.035273	0.151
0.035673	0.152
0.036073	0.153
0.036475	0.154
0.036878	0.155
0.037283	0.156
0.037688	0.157
0.038095	0.158
0.038503	0.159
0.038912	0.16
0.039322	0.161
0.039733	0.162
0.040146	0.163
0.040559	0.164
0.040974	0.165
0.041389	0.166
0.041806	0.167
0.042223	0.168
0.042642	0.169
0.043061	0.17
0.043481	0.171
0.043903	0.172
0.044325	0.173
0.044748	0.174
0.045172	0.175
0.045597	0.176
0.046022	0.177
0.046449	0.178
0.046876	0.179
0.047304	0.18
0.047733	0.181
0.048162	0.182
0.048593	0.183
0.049023	0.184
0.049455	0.185
0.049887	0.186
0.05032	0.187
0.050754	0.188
0.051188	0.189
0.051623	0.19
0.052058	0.191
0.052494	0.192
0.052931	0.193
0.053368	0.194
0.053805	0.195
0.054243	0.196
0.054682	0.197
0.055121	0.198
0.05556	0.199
0.056	0.2
0.05644	0.201
0.056881	0.202
0.057322	0.203
0.057763	0.204
0.058205	0.205
0.058647	0.206
0.059089	0.207
0.059531	0.208
0.059974	0.209
0.060417	0.21
0.06086	0.211
0.061304	0.212
0.061747	0.213
0.062191	0.214
0.062635	0.215
0.063079	0.216
0.063523	0.217
0.063967	0.218
0.064412	0.219
0.064856	0.22
0.0653	0.221
0.065745	0.222
0.066189	0.223
0.066634	0.224
0.067078	0.225
0.067522	0.226
0.067967	0.227
0.068411	0.228
0.068855	0.229
0.069299	0.23
0.069743	0.231
0.070186	0.232
0.07063	0.233
0.071073	0.234
0.071516	0.235
0.071959	0.236
0.072402	0.237
0.072844	0.238
0.073286	0.239
0.073728	0.24
0.074169	0.241
0.074611	0.242
0.075051	0.243
0.075492	0.244
0.075932	0.245
0.076371	0.246
0.07681	0.247
0.077249	0.248
0.077687	0.249
0.078125	0.25
0.078562	0.251
0.078999	0.252
0.079435	0.253
0.079871	0.254
0.080306	0.255
0.08074	0.256
0.081174	0.257
0.081607	0.258
0.08204	0.259
0.082472	0.26
0.082903	0.261
0.083334	0.262
0.083764	0.263
0.084193	0.264
0.084621	0.265
0.085049	0.266
0.085476	0.267
0.085902	0.268
0.086327	0.269
0.086751	0.27
0.087174	0.271
0.087597	0.272
0.088019	0.273
0.08844	0.274
0.088859	0.275
0.089278	0.276
0.089696	0.277
0.090113	0.278
0.090529	0.279
0.090944	0.28
0.091358	0.281
0.091771	0.282
0.092182	0.283
0.092593	0.284
0.093003	0.285
0.093411	0.286
0.093818	0.287
0.094224	0.288
0.094629	0.289
0.095033	0.29
0.095435	0.291
0.095837	0.292
0.096237	0.293
0.096635	0.294
0.097033	0.295
0.097429	0.296
0.097824	0.297
0.098217	0.298
0.098609	0.299
0.099	0.3
0.099389	0.301
0.099777	0.302
0.10016	0.303
0.10055	0.304
0.10093	0.305
0.10131	0.306
0.10169	0.307
0.10207	0.308
0.10245	0.309
0.10283	0.31
0.1032	0.311
0.10357	0.312
0.10395	0.313
0.10431	0.314
0.10468	0.315
0.10505	0.316
0.10541	0.317
0.10578	0.318
0.10614	0.319
0.1065	0.32
0.10685	0.321
0.10721	0.322
0.10756	0.323
0.10792	0.324
0.10827	0.325
0.10861	0.326
0.10896	0.327
0.10931	0.328
0.10965	0.329
0.10999	0.33
0.11033	0.331
0.11066	0.332
0.111	0.333
0.11133	0.334
0.11166	0.335
0.11199	0.336
0.11232	0.337
0.11264	0.338
0.11297	0.339
0.11329	0.34
0.11361	0.341
0.11392	0.342
0.11424	0.343
0.11455	0.344
0.11486	0.345
0.11517	0.346
0.11547	0.347
0.11578	0.348
0.11608	0.349
0.11638	0.35
0.11667	0.351
0.11697	0.352
0.11726	0.353
0.11755	0.354
0.11783	0.355
0.11812	0.356
0.1184	0.357
0.11868	0.358
0.11896	0.359
0.11923	0.36
0.1195	0.361
0.11977	0.362
0.12004	0.363
0.12031	0.364
0.12057	0.365
0.12083	0.366
0.12109	0.367
0.12134	0.368
0.12159	0.369
0.12184	0.37
0.12209	0.371
0.12233	0.372
0.12257	0.373
0.12281	0.374
0.12305	0.375
0.12328	0.376
0.12351	0.377
0.12374	0.378
0.12396	0.379
0.12418	0.38
0.1244	0.381
0.12462	0.382
0.12483	0.383
0.12504	0.384
0.12525	0.385
0.12545	0.386
0.12566	0.387
0.12585	0.388
0.12605	0.389
0.12624	0.39
0.12643	0.391
0.12662	0.392
0.1268	0.393
0.12698	0.394
0.12716	0.395
0.12733	0.396
0.12751	0.397
0.12767	0.398
0.12784	0.399
0.128	0.4
0.12816	0.401
0.12831	0.402
0.12847	0.403
0.12861	0.404
0.12876	0.405
0.1289	0.406
0.12904	0.407
0.12918	0.408
0.12931	0.409
0.12944	0.41
0.12956	0.411
0.12968	0.412
0.1298	0.413
0.12992	0.414
0.13003	0.415
0.13014	0.416
0.13024	0.417
0.13034	0.418
0.13044	0.419
0.13054	0.42
0.13063	0.421
0.13071	0.422
0.1308	0.423
0.13088	0.424
0.13095	0.425
0.13103	0.426
0.13109	0.427
0.13116	0.428
0.13122	0.429
0.13128	0.43
0.13133	0.431
0.13138	0.432
0.13143	0.433
0.13147	0.434
0.13151	0.435
0.13155	0.436
0.13158	0.437
0.1316	0.438
0.13163	0.439
0.13165	0.44
0.13166	0.441
0.13168	0.442
0.13168	0.443
0.13169	0.444
0.13169	0.445
0.13168	0.446
0.13167	0.447
0.13166	0.448
0.13165	0.449
0.13162	0.45
0.1316	0.451
0.13157	0.452
0.13154	0.453
0.1315	0.454
0.13146	0.455
0.13142	0.456
0.13137	0.457
0.13131	0.458
0.13125	0.459
0.13119	0.46
0.13113	0.461
0.13105	0.462
0.13098	0.463
0.1309	0.464
0.13082	0.465
0.13073	0.466
0.13064	0.467
0.13054	0.468
0.13044	0.469
0.13033	0.47
0.13022	0.471
0.13011	0.472
0.12999	0.473
0.12986	0.474
0.12973	0.475
0.1296	0.476
0.12946	0.477
0.12932	0.478
0.12918	0.479
0.12902	0.48
0.12887	0.481
0.12871	0.482
0.12854	0.483
0.12837	0.484
0.1282	0.485
0.12802	0.486
0.12783	0.487
0.12765	0.488
0.12745	0.489
0.12725	0.49
0.12705	0.491
0.12684	0.492
0.12663	0.493
0.12641	0.494
0.12619	0.495
0.12596	0.496
0.12573	0.497
0.12549	0.498
0.12525	0.499
