0.00020019	0.001
0.00040077	0.002
0.00060173	0.003
0.00080308	0.004
0.0010048	0.005
0.001207	0.006
0.0014095	0.007
0.0016124	0.008
0.0018157	0.009
0.0020194	0.01
0.0022235	0.011
0.002428	0.012
0.0026328	0.013
0.0028381	0.014
0.0030438	0.015
0.0032499	0.016
0.0034564	0.017
0.0036633	0.018
0.0038705	0.019
0.0040782	0.02
0.0042863	0.021
0.0044948	0.022
0.0047038	0.023
0.0049131	0.024
0.0051228	0.025
0.005333	0.026
0.0055435	0.027
0.0057545	0.028
0.0059659	0.029
0.0061777	0.03
0.0063899	0.031
0.0066026	0.032
0.0068156	0.033
0.0070291	0.034
0.007243	0.035
0.0074573	0.036
0.0076721	0.037
0.0078873	0.038
0.0081029	0.039
0.0083189	0.04
0.0085354	0.041
0.0087523	0.042
0.0089696	0.043
0.0091874	0.044
0.0094055	0.045
0.0096242	0.046
0.0098432	0.047
0.010063	0.048
0.010283	0.049
0.010503	0.05
0.010724	0.051
0.010945	0.052
0.011167	0.053
0.011389	0.054
0.011612	0.055
0.011835	0.056
0.012058	0.057
0.012282	0.058
0.012507	0.059
0.012731	0.06
0.012957	0.061
0.013182	0.062
0.013409	0.063
0.013635	0.064
0.013863	0.065
0.01409	0.066
0.014318	0.067
0.014547	0.068
0.014776	0.069
0.015005	0.07
0.015235	0.071
0.015466	0.072
0.015696	0.073
0.015928	0.074
0.01616	0.075
0.016392	0.076
0.016625	0.077
0.016858	0.078
0.017092	0.079
0.017326	0.08
0.01756	0.081
0.017796	0.082
0.018031	0.083
0.018267	0.084
0.018504	0.085
0.018741	0.086
0.018979	0.087
0.019217	0.088
0.019455	0.089
0.019694	0.09
0.019934	0.091
0.020174	0.092
0.020414	0.093
0.020656	0.094
0.020897	0.095
0.021139	0.096
0.021382	0.097
0.021625	0.098
0.021868	0.099
0.022112	0.1
0.022357	0.101
0.022602	0.102
0.022848	0.103
0.023094	0.104
0.02334	0.105
0.023587	0.106
0.023835	0.107
0.024083	0.108
0.024332	0.109
0.024581	0.11
0.024831	0.111
0.025081	0.112
0.025332	0.113
0.025583	0.114
0.025835	0.115
0.026087	0.116
0.02634	0.117
0.026594	0.118
0.026848	0.119
0.027102	0.12
0.027357	0.121
0.027613	0.122
0.027869	0.123
0.028125	0.124
0.028382	0.125
0.02864	0.126
0.028898	0.127
0.029157	0.128
0.029417	0.129
0.029676	0.13
0.029937	0.131
0.030198	0.132
0.030459	0.133
0.030721	0.134
0.030984	0.135
0.031247	0.136
0.031511	0.137
0.031775	0.138
0.03204	0.139
0.032306	0.14
0.032572	0.141
0.032838	0.142
0.033105	0.143
0.033373	0.144
0.033641	0.145
0.03391	0.146
0.03418	0.147
0.03445	0.148
0.03472	0.149
0.034991	0.15
0.035263	0.151
0.035535	0.152
0.035808	0.153
0.036082	0.154
0.036356	0.155
0.03663	0.156
0.036905	0.157
0.037181	0.158
0.037457	0.159
0.037734	0.16
0.038012	0.161
0.03829	0.162
0.038569	0.163
0.038848	0.164
0.039128	0.165
0.039408	0.166
0.039689	0.167
0.039971	0.168
0.040253	0.169
0.040536	0.17
0.04082	0.171
0.041104	0.172
0.041389	0.173
0.041674	0.174
0.04196	0.175
0.042246	0.176
0.042533	0.177
0.042821	0.178
0.043109	0.179
0.043398	0.18
0.043688	0.181
0.043978	0.182
0.044269	0.183
0.04456	0.184
0.044852	0.185
0.045145	0.186
0.045438	0.187
0.045732	0.188
0.046026	0.189
0.046321	0.19
0.046617	0.191
0.046913	0.192
0.04721	0.193
0.047508	0.194
0.047806	0.195
0.048105	0.196
0.048404	0.197
0.048705	0.198
0.049005	0.199
0.049307	0.2
0.049609	0.201
0.049911	0.202
0.050215	0.203
0.050518	0.204
0.050823	0.205
0.051128	0.206
0.051434	0.207
0.05174	0.208
0.052047	0.209
0.052355	0.21
0.052664	0.211
0.052973	0.212
0.053282	0.213
0.053592	0.214
0.053903	0.215
0.054215	0.216
0.054527	0.217
0.05484	0.218
0.055153	0.219
0.055468	0.22
0.055782	0.221
0.056098	0.222
0.056414	0.223
0.056731	0.224
0.057048	0.225
0.057366	0.226
0.057685	0.227
0.058004	0.228
0.058324	0.229
0.058645	0.23
0.058966	0.231
0.059288	0.232
0.05961	0.233
0.059934	0.234
0.060258	0.235
0.060582	0.236
0.060907	0.237
0.061233	0.238
0.06156	0.239
0.061887	0.24
0.062215	0.241
0.062543	0.242
0.062872	0.243
0.063202	0.244
0.063532	0.245
0.063863	0.246
0.064195	0.247
0.064527	0.248
0.064861	0.249
0.065194	0.25
0.065529	0.251
0.065864	0.252
0.066199	0.253
0.066535	0.254
0.066872	0.255
0.06721	0.256
0.067548	0.257
0.067887	0.258
0.068227	0.259
0.068567	0.26
0.068908	0.261
0.069249	0.262
0.069592	0.263
0.069934	0.264
0.070278	0.265
0.070622	0.266
0.070967	0.267
0.071312	0.268
0.071658	0.269
0.072005	0.27
0.072352	0.271
0.0727	0.272
0.073049	0.273
0.073398	0.274
0.073748	0.275
0.074099	0.276
0.07445	0.277
0.074802	0.278
0.075154	0.279
0.075507	0.28
0.075861	0.281
0.076215	0.282
0.07657	0.283
0.076926	0.284
0.077282	0.285
0.077639	0.286
0.077997	0.287
0.078355	0.288
0.078714	0.289
0.079073	0.29
0.079433	0.291
0.079794	0.292
0.080155	0.293
0.080517	0.294
0.08088	0.295
0.081243	0.296
0.081606	0.297
0.081971	0.298
0.082336	0.299
0.082701	0.3
0.083068	0.301
0.083434	0.302
0.083802	0.303
0.08417	0.304
0.084538	0.305
0.084907	0.306
0.085277	0.307
0.085648	0.308
0.086019	0.309
0.08639	0.31
0.086762	0.311
0.087135	0.312
0.087508	0.313
0.087882	0.314
0.088257	0.315
0.088632	0.316
0.089007	0.317
0.089383	0.318
0.08976	0.319
0.090137	0.32
0.090515	0.321
0.090893	0.322
0.091272	0.323
0.091652	0.324
0.092032	0.325
0.092412	0.326
0.092793	0.327
0.093175	0.328
0.093557	0.329
0.09394	0.33
0.094323	0.331
0.094707	0.332
0.095091	0.333
0.095476	0.334
0.095861	0.335
0.096247	0.336
0.096633	0.337
0.09702	0.338
0.097407	0.339
0.097794	0.34
0.098183	0.341
0.098571	0.342
0.09896	0.343
0.09935	0.344
0.09974	0.345
0.10013	0.346
0.10052	0.347
0.10091	0.348
0.1013	0.349
0.1017	0.35
0.10209	0.351
0.10248	0.352
0.10288	0.353
0.10327	0.354
0.10367	0.355
0.10406	0.356
0.10446	0.357
0.10485	0.358
0.10525	0.359
0.10564	0.36
0.10604	0.361
0.10644	0.362
0.10683	0.363
0.10723	0.364
0.10763	0.365
0.10803	0.366
0.10843	0.367
0.10883	0.368
0.10923	0.369
0.10963	0.37
0.11003	0.371
0.11043	0.372
0.11083	0.373
0.11123	0.374
0.11163	0.375
0.11203	0.376
0.11243	0.377
0.11284	0.378
0.11324	0.379
0.11364	0.38
0.11405	0.381
0.11445	0.382
0.11485	0.383
0.11526	0.384
0.11566	0.385
0.11606	0.386
0.11647	0.387
0.11687	0.388
0.11728	0.389
0.11768	0.39
0.11809	0.391
0.11849	0.392
0.1189	0.393
0.1193	0.394
0.11971	0.395
0.12011	0.396
0.12052	0.397
0.12092	0.398
0.12133	0.399
0.12174	0.4
0.12214	0.401
0.12255	0.402
0.12295	0.403
0.12336	0.404
0.12376	0.405
0.12417	0.406
0.12458	0.407
0.12498	0.408
0.12539	0.409
0.12579	0.41
0.1262	0.411
0.12661	0.412
0.12701	0.413
0.12742	0.414
0.12782	0.415
0.12823	0.416
0.12863	0.417
0.12904	0.418
0.12944	0.419
0.12985	0.42
0.13025	0.421
0.13066	0.422
0.13106	0.423
0.13147	0.424
0.13187	0.425
0.13227	0.426
0.13268	0.427
0.13308	0.428
0.13348	0.429
0.13389	0.43
0.13429	0.431
0.13469	0.432
0.13509	0.433
0.13549	0.434
0.13589	0.435
0.13629	0.436
0.13669	0.437
0.13709	0.438
0.13749	0.439
0.13789	0.44
0.13829	0.441
0.13869	0.442
0.13908	0.443
0.13948	0.444
0.13988	0.445
0.14027	0.446
0.14067	0.447
0.14106	0.448
0.14145	0.449
0.14185	0.45
0.14224	0.451
0.14263	0.452
0.14302	0.453
0.14341	0.454
0.1438	0.455
0.14419	0.456
0.14458	0.457
0.14497	0.458
0.14536	0.459
0.14574	0.46
0.14613	0.461
0.14651	0.462
0.14689	0.463
0.14728	0.464
0.14766	0.465
0.14804	0.466
0.14842	0.467
0.1488	0.468
0.14917	0.469
0.14955	0.47
0.14993	0.471
0.1503	0.472
0.15067	0.473
0.15105	0.474
0.15142	0.475
0.15179	0.476
0.15216	0.477
0.15252	0.478
0.15289	0.479
0.15326	0.48
0.15362	0.481
0.15398	0.482
0.15434	0.483
0.1547	0.484
0.15506	0.485
0.15542	0.486
0.15577	0.487
0.15613	0.488
0.15648	0.489
0.15683	0.49
0.15718	0.491
0.15753	0.492
0.15788	0.493
0.15822	0.494
0.15856	0.495
0.15891	0.496
0.15925	0.497
0.15958	0.498
0.15992	0.499
0.16026	0.5
0.16059	0.501
0.16092	0.502
0.16125	0.503
0.16158	0.504
0.1619	0.505
0.16222	0.506
0.16254	0.507
0.16286	0.508
0.16318	0.509
0.1635	0.51
0.16381	0.511
0.16412	0.512
0.16443	0.513
0.16473	0.514
0.16504	0.515
0.16534	0.516
0.16564	0.517
0.16594	0.518
0.16623	0.519
0.16652	0.52
0.16681	0.521
0.1671	0.522
0.16739	0.523
0.16767	0.524
0.16795	0.525
0.16823	0.526
0.1685	0.527
0.16877	0.528
0.16904	0.529
0.16931	0.53
0.16957	0.531
0.16983	0.532
0.17009	0.533
0.17034	0.534
0.17059	0.535
0.17084	0.536
0.17109	0.537
0.17133	0.538
0.17157	0.539
0.17181	0.54
0.17204	0.541
0.17227	0.542
0.17249	0.543
0.17272	0.544
0.17294	0.545
0.17315	0.546
0.17337	0.547
0.17357	0.548
0.17378	0.549
0.17398	0.55
0.17418	0.551
0.17437	0.552
0.17457	0.553
0.17475	0.554
0.17494	0.555
0.17512	0.556
0.17529	0.557
0.17546	0.558
0.17563	0.559
0.17579	0.56
0.17595	0.561
0.17611	0.562
0.17626	0.563
0.17641	0.564
0.17655	0.565
0.17669	0.566
0.17682	0.567
0.17695	0.568
0.17708	0.569
0.1772	0.57
0.17731	0.571
0.17742	0.572
0.17753	0.573
0.17763	0.574
0.17773	0.575
0.17782	0.576
0.17791	0.577
0.17799	0.578
0.17807	0.579
0.17814	0.58
0.1782	0.581
0.17827	0.582
0.17832	0.583
0.17837	0.584
0.17842	0.585
0.17846	0.586
0.1785	0.587
0.17853	0.588
0.17855	0.589
0.17857	0.59
0.17858	0.591
0.17859	0.592
0.17859	0.593
0.17858	0.594
0.17857	0.595
0.17856	0.596
0.17853	0.597
0.17851	0.598
0.17847	0.599
0.17843	0.6
0.17838	0.601
0.17833	0.602
0.17827	0.603
0.1782	0.604
0.17813	0.605
0.17805	0.606
0.17796	0.607
0.17787	0.608
0.17777	0.609
0.17767	0.61
0.17755	0.611
0.17743	0.612
0.17731	0.613
0.17717	0.614
0.17703	0.615
0.17688	0.616
0.17673	0.617
0.17656	0.618
0.17639	0.619
0.17621	0.62
0.17603	0.621
0.17584	0.622
0.17563	0.623
0.17543	0.624
0.17521	0.625
0.17499	0.626
0.17475	0.627
0.17451	0.628
0.17427	0.629
0.17401	0.63
0.17374	0.631
0.17347	0.632
0.17319	0.633
0.1729	0.634
0.1726	0.635
0.1723	0.636
0.17198	0.637
0.17166	0.638
0.17132	0.639
0.17098	0.64
0.17063	0.641
0.17027	0.642
0.1699	0.643
0.16953	0.644
0.16914	0.645
0.16874	0.646
0.16834	0.647
0.16792	0.648
0.1675	0.649
0.16706	0.65
0.16662	0.651
0.16617	0.652
0.1657	0.653
0.16523	0.654
0.16475	0.655
0.16425	0.656
0.16375	0.657
0.16324	0.658
0.16271	0.659
0.16218	0.66
0.16164	0.661
0.16108	0.662
0.16052	0.663
0.15994	0.664
0.15935	0.665
0.15876	0.666
0.15815	0.667
0.15753	0.668
0.1569	0.669
0.15626	0.67
0.15561	0.671
0.15494	0.672
0.15427	0.673
0.15358	0.674
0.15288	0.675
0.15218	0.676
0.15146	0.677
0.15072	0.678
0.14998	0.679
0.14922	0.68
0.14845	0.681
0.14767	0.682
0.14688	0.683
0.14608	0.684
0.14526	0.685
0.14443	0.686
0.14359	0.687
0.14274	0.688
0.14187	0.689
0.14099	0.69
0.1401	0.691
0.1392	0.692
0.13828	0.693
0.13735	0.694
0.13641	0.695
0.13545	0.696
0.13448	0.697
0.1335	0.698
0.13251	0.699
0.1315	0.7
0.13047	0.701
0.12944	0.702
0.12839	0.703
0.12733	0.704
0.12625	0.705
0.12516	0.706
0.12405	0.707
0.12293	0.708
0.1218	0.709
0.12065	0.71
0.11949	0.711
0.11832	0.712
0.11713	0.713
0.11592	0.714
0.1147	0.715
0.11347	0.716
0.11222	0.717
0.11096	0.718
0.10968	0.719
0.10839	0.72
0.10708	0.721
0.10576	0.722
0.10442	0.723
0.10307	0.724
0.1017	0.725
0.10032	0.726
0.09892	0.727
0.097506	0.728
0.096076	0.729
0.094631	0.73
0.09317	0.731
0.091693	0.732
0.090201	0.733
0.088692	0.734
0.087168	0.735
0.085628	0.736
0.084071	0.737
0.082499	0.738
0.08091	0.739
0.079305	0.74
0.077684	0.741
0.076046	0.742
0.074392	0.743
0.072721	0.744
0.071033	0.745
0.069329	0.746
0.067608	0.747
0.065871	0.748
0.064116	0.749
0.062345	0.75
0.060556	0.751
0.058751	0.752
0.056928	0.753
0.055089	0.754
0.053232	0.755
0.051357	0.756
0.049466	0.757
0.047557	0.758
0.04563	0.759
0.043686	0.76
0.041725	0.761
0.039746	0.762
0.037749	0.763
0.035734	0.764
0.033701	0.765
0.031651	0.766
0.029583	0.767
0.027497	0.768
