8.3333e-05	0.001
0.00016667	0.002
0.00025	0.003
0.00033333	0.004
0.00041667	0.005
0.0005	0.006
0.00058333	0.007
0.00066667	0.008
0.00075	0.009
0.00083333	0.01
0.00091667	0.011
0.001	0.012
0.0010833	0.013
0.0011667	0.014
0.00125	0.015
0.0013333	0.016
0.0014167	0.017
0.0015	0.018
0.0015833	0.019
0.0016667	0.02
0.00175	0.021
0.0018333	0.022
0.0019167	0.023
0.002	0.024
0.0020833	0.025
0.0021667	0.026
0.00225	0.027
0.0023333	0.028
0.0024167	0.029
0.0025	0.03
0.0025833	0.031
0.0026667	0.032
0.00275	0.033
0.0028333	0.034
0.0029167	0.035
0.003	0.036
0.0030833	0.037
0.0031667	0.038
0.00325	0.039
0.0033333	0.04
0.0034167	0.041
0.0035	0.042
0.0035833	0.043
0.0036667	0.044
0.00375	0.045
0.0038333	0.046
0.0039167	0.047
0.004	0.048
0.0040833	0.049
0.0041667	0.05
0.00425	0.051
0.0043333	0.052
0.0044167	0.053
0.0045	0.054
0.0045833	0.055
0.0046667	0.056
0.00475	0.057
0.0048333	0.058
0.0049167	0.059
0.005	0.06
0.0050833	0.061
0.0051667	0.062
0.00525	0.063
0.0053333	0.064
0.0054167	0.065
0.0055	0.066
0.0055833	0.067
0.0056667	0.068
0.00575	0.069
0.0058333	0.07
0.0059167	0.071
0.006	0.072
0.0060833	0.073
0.0061667	0.074
0.00625	0.075
0.0063333	0.076
0.0064167	0.077
0.0065	0.078
0.0065833	0.079
0.0066667	0.08
0.00675	0.081
0.0068333	0.082
0.0069167	0.083
0.007	0.084
0.0070833	0.085
0.0071667	0.086
0.00725	0.087
0.0073333	0.088
0.0074167	0.089
0.0075	0.09
0.0075833	0.091
0.0076667	0.092
0.00775	0.093
0.0078333	0.094
0.0079167	0.095
0.008	0.096
0.0080833	0.097
0.0081667	0.098
0.00825	0.099
0.0083333	0.1
0.0084167	0.101
0.0085	0.102
0.0085833	0.103
0.0086667	0.104
0.00875	0.105
0.0088333	0.106
0.0089167	0.107
0.009	0.108
0.0090833	0.109
0.0091667	0.11
0.00925	0.111
0.0093333	0.112
0.0094167	0.113
0.0095	0.114
0.0095833	0.115
0.0096667	0.116
0.00975	0.117
0.0098333	0.118
0.0099167	0.119
0.01	0.12
0.010083	0.121
0.010167	0.122
0.01025	0.123
0.010333	0.124
0.010417	0.125
0.0105	0.126
0.010583	0.127
0.010667	0.128
0.01075	0.129
0.010833	0.13
0.010917	0.131
0.011	0.132
0.011083	0.133
0.011167	0.134
0.01125	0.135
0.011333	0.136
0.011417	0.137
0.0115	0.138
0.011583	0.139
0.011667	0.14
0.01175	0.141
0.011833	0.142
0.011917	0.143
0.012	0.144
0.012083	0.145
0.012167	0.146
0.01225	0.147
0.012333	0.148
0.012417	0.149
0.0125	0.15
0.012583	0.151
0.012667	0.152
0.01275	0.153
0.012833	0.154
0.012917	0.155
0.013	0.156
0.013083	0.157
0.013167	0.158
0.01325	0.159
0.013333	0.16
0.013417	0.161
0.0135	0.162
0.013583	0.163
0.013667	0.164
0.01375	0.165
0.013833	0.166
0.013917	0.167
0.014	0.168
0.014083	0.169
0.014167	0.17
0.01425	0.171
0.014333	0.172
0.014417	0.173
0.0145	0.174
0.014583	0.175
0.014667	0.176
0.01475	0.177
0.014833	0.178
0.014917	0.179
0.015	0.18
0.015083	0.181
0.015167	0.182
0.01525	0.183
0.015333	0.184
0.015417	0.185
0.0155	0.186
0.015583	0.187
0.015667	0.188
0.01575	0.189
0.015833	0.19
0.015917	0.191
0.016	0.192
0.016083	0.193
0.016167	0.194
0.01625	0.195
0.016333	0.196
0.016417	0.197
0.0165	0.198
0.016583	0.199
0.016667	0.2
0.01675	0.201
0.016833	0.202
0.016917	0.203
0.017	0.204
0.017083	0.205
0.017167	0.206
0.01725	0.207
0.017333	0.208
0.017417	0.209
0.0175	0.21
0.017583	0.211
0.017667	0.212
0.01775	0.213
0.017833	0.214
0.017917	0.215
0.018	0.216
0.018083	0.217
0.018167	0.218
0.01825	0.219
0.018333	0.22
0.018417	0.221
0.0185	0.222
0.018583	0.223
0.018667	0.224
0.01875	0.225
0.018833	0.226
0.018917	0.227
0.019	0.228
0.019083	0.229
0.019167	0.23
0.01925	0.231
0.019333	0.232
0.019417	0.233
0.0195	0.234
0.019583	0.235
0.019667	0.236
0.01975	0.237
0.019833	0.238
0.019917	0.239
0.02	0.24
0.020083	0.241
0.020167	0.242
0.02025	0.243
0.020333	0.244
0.020417	0.245
0.0205	0.246
0.020583	0.247
0.020667	0.248
0.02075	0.249
0.020833	0.25
0.020917	0.251
0.021	0.252
0.021083	0.253
0.021167	0.254
0.02125	0.255
0.021333	0.256
0.021417	0.257
0.0215	0.258
0.021583	0.259
0.021667	0.26
0.02175	0.261
0.021833	0.262
0.021917	0.263
0.022	0.264
0.022083	0.265
0.022167	0.266
0.02225	0.267
0.022333	0.268
0.022417	0.269
0.0225	0.27
0.022583	0.271
0.022666	0.272
0.02275	0.273
0.022833	0.274
0.022916	0.275
0.023	0.276
0.023083	0.277
0.023166	0.278
0.02325	0.279
0.023333	0.28
0.023416	0.281
0.0235	0.282
0.023583	0.283
0.023666	0.284
0.02375	0.285
0.023833	0.286
0.023916	0.287
0.024	0.288
0.024083	0.289
0.024166	0.29
0.02425	0.291
0.024333	0.292
0.024416	0.293
0.0245	0.294
0.024583	0.295
0.024666	0.296
0.024749	0.297
0.024833	0.298
0.024916	0.299
0.024999	0.3
0.025083	0.301
0.025166	0.302
0.025249	0.303
0.025333	0.304
0.025416	0.305
0.025499	0.306
0.025583	0.307
0.025666	0.308
0.025749	0.309
0.025832	0.31
0.025916	0.311
0.025999	0.312
0.026082	0.313
0.026166	0.314
0.026249	0.315
0.026332	0.316
0.026416	0.317
0.026499	0.318
0.026582	0.319
0.026665	0.32
0.026749	0.321
0.026832	0.322
0.026915	0.323
0.026999	0.324
0.027082	0.325
0.027165	0.326
0.027248	0.327
0.027332	0.328
0.027415	0.329
0.027498	0.33
0.027581	0.331
0.027665	0.332
0.027748	0.333
0.027831	0.334
0.027915	0.335
0.027998	0.336
0.028081	0.337
0.028164	0.338
0.028248	0.339
0.028331	0.34
0.028414	0.341
0.028497	0.342
0.02858	0.343
0.028664	0.344
0.028747	0.345
0.02883	0.346
0.028913	0.347
0.028997	0.348
0.02908	0.349
0.029163	0.35
0.029246	0.351
0.029329	0.352
0.029413	0.353
0.029496	0.354
0.029579	0.355
0.029662	0.356
0.029745	0.357
0.029829	0.358
0.029912	0.359
0.029995	0.36
0.030078	0.361
0.030161	0.362
0.030244	0.363
0.030327	0.364
0.030411	0.365
0.030494	0.366
0.030577	0.367
0.03066	0.368
0.030743	0.369
0.030826	0.37
0.030909	0.371
0.030992	0.372
0.031075	0.373
0.031159	0.374
0.031242	0.375
0.031325	0.376
0.031408	0.377
0.031491	0.378
0.031574	0.379
0.031657	0.38
0.03174	0.381
0.031823	0.382
0.031906	0.383
0.031989	0.384
0.032072	0.385
0.032155	0.386
0.032238	0.387
0.032321	0.388
0.032404	0.389
0.032487	0.39
0.03257	0.391
0.032652	0.392
0.032735	0.393
0.032818	0.394
0.032901	0.395
0.032984	0.396
0.033067	0.397
0.03315	0.398
0.033232	0.399
0.033315	0.4
0.033398	0.401
0.033481	0.402
0.033563	0.403
0.033646	0.404
0.033729	0.405
0.033812	0.406
0.033894	0.407
0.033977	0.408
0.03406	0.409
0.034142	0.41
0.034225	0.411
0.034307	0.412
0.03439	0.413
0.034473	0.414
0.034555	0.415
0.034638	0.416
0.03472	0.417
0.034803	0.418
0.034885	0.419
0.034967	0.42
0.03505	0.421
0.035132	0.422
0.035214	0.423
0.035297	0.424
0.035379	0.425
0.035461	0.426
0.035544	0.427
0.035626	0.428
0.035708	0.429
0.03579	0.43
0.035872	0.431
0.035954	0.432
0.036036	0.433
0.036118	0.434
0.0362	0.435
0.036282	0.436
0.036364	0.437
0.036446	0.438
0.036528	0.439
0.03661	0.44
0.036691	0.441
0.036773	0.442
0.036855	0.443
0.036936	0.444
0.037018	0.445
0.0371	0.446
0.037181	0.447
0.037263	0.448
0.037344	0.449
0.037425	0.45
0.037507	0.451
0.037588	0.452
0.037669	0.453
0.03775	0.454
0.037831	0.455
0.037912	0.456
0.037993	0.457
0.038074	0.458
0.038155	0.459
0.038236	0.46
0.038317	0.461
0.038398	0.462
0.038478	0.463
0.038559	0.464
0.038639	0.465
0.03872	0.466
0.0388	0.467
0.03888	0.468
0.038961	0.469
0.039041	0.47
0.039121	0.471
0.039201	0.472
0.039281	0.473
0.039361	0.474
0.03944	0.475
0.03952	0.476
0.0396	0.477
0.039679	0.478
0.039759	0.479
0.039838	0.48
0.039917	0.481
0.039996	0.482
0.040075	0.483
0.040154	0.484
0.040233	0.485
0.040312	0.486
0.040391	0.487
0.040469	0.488
0.040547	0.489
0.040626	0.49
0.040704	0.491
0.040782	0.492
0.04086	0.493
0.040938	0.494
0.041016	0.495
0.041093	0.496
0.041171	0.497
0.041248	0.498
0.041325	0.499
0.041402	0.5
